6 6 5 4
4 3 4 3
4 3 4 3
0 0 0 0
24000.00 5000.00 25000.00 30000.00
7032 831 4406 4628
10289.45 2877.57 13305.49 16150.00
12 5 5 4
1200.00 105.00 520.00 500.00
0.00 0.00 0.00 0.00
0.00 0.00 0.00 0.00
96000.00 15000.00 100000.00 90000.00
69968.72 18201.41 71453.43 69728.02
653158.70 130572.52 623856.86 676785.89
0.319913 0.216363 0.229988 0.237104 0.226696 0.350911 0.229988 0.237104 0.226696 0.216363 0.310035 0.237104 0.226696 0.216363 0.229988 0.288687
100.00 21.00 104.00 125.00
1
60.00 13.00 63.00 75.00
5969.00 775.00 5406.00 5354.00
6323.00 1265.00 5904.00 6323.00
